0.05
0.06
0.07
0.12
0.12
0.16
0.18
0.22
0.29
0.34
0.35
0.36
0.4
0.42
0.47
0.47
0.5
0.51
0.54
0.56
0.62
0.62
0.64
0.74
0.74
0.75
0.77
0.79
0.79
0.87
0.87
0.96
1.0
1.1
1.13
1.18
1.24
1.24
1.25
1.33
1.35
1.39
1.4
1.43
1.43
1.46
1.48
1.49
1.51
1.57
1.64
1.68
1.74
1.77
1.86
1.87
1.95
2.11
2.12
2.22
2.24
2.41
2.45
2.51
2.52
2.57
2.57
2.59
2.65
2.66
2.73
2.8
2.88
3.12
3.19
3.43
3.56
3.61
3.85
4.17
4.25
4.29
4.45
4.48
4.6
4.74
4.76
4.77
4.85
5.06
5.18
5.44
5.91
5.97
6.25
6.31
6.54
7.92
10.53
13.27
